1e-11
2.53e-08
1e-05
0.001
0.005
0.01
0.02
0.05
0.07
0.1
0.2
0.3
0.4
0.5
0.6
0.7
0.8
0.864
0.865
0.866
0.867
0.868
0.87
0.871
0.872
0.873
0.874
0.882
0.884
0.886
0.889
0.89
0.891
0.892
0.897
0.898
0.901
0.902
0.905
0.906
0.908
0.911
0.912
0.914
0.915
0.919
0.92
0.923
0.924
0.925
0.926
0.928
0.929
0.93
0.933
0.934
0.935
0.936
0.937
0.938
0.941
0.942
0.943
0.944
0.949
0.95
0.951
0.952
0.953
0.954
0.957
0.958
0.964
0.967
0.968
0.969
0.972
0.973
0.974
0.975
0.976
0.977
0.978
0.979
0.98
0.981
0.985
0.986
0.987
0.988
0.989
0.99
0.994
0.996
0.999
1
1.005
1.006
1.007
1.008
1.013
1.014
1.015
1.016
1.017
1.018
1.021
1.025
1.027
1.029
1.031
1.033
1.034
1.037
1.038
1.039
1.04
1.041
1.042
1.047
1.048
1.051
1.052
1.054
1.057
1.058
1.06
1.063
1.064
1.065
1.066
1.069
1.07
1.071
1.075
1.076
1.079
1.08
1.081
1.082
1.083
1.084
1.089
1.09
1.091
1.092
1.093
1.094
1.095
1.096
1.099
1.1
1.103
1.104
1.105
1.106
1.108
1.112
1.115
1.116
1.117
1.118
1.119
1.12
1.121
1.126
1.129
1.131
1.132
1.133
1.134
1.137
1.138
1.141
1.142
1.143
1.144
1.146
1.148
1.152
1.155
1.156
1.157
1.158
1.159
1.16
1.161
1.168
1.171
1.172
1.173
1.174
1.175
1.178
1.181
1.182
1.183
1.184
1.185
1.186
1.187
1.191
1.195
1.196
1.197
1.198
1.199
1.2
1.203
1.204
1.207
1.208
1.212
1.213
1.219
1.22
1.221
1.222
1.223
1.224
1.226
1.227
1.231
1.232
1.233
1.234
1.237
1.239
1.24
1.243
1.244
1.245
1.246
1.247
1.253
1.254
1.259
1.26
1.261
1.262
1.263
1.264
1.265
1.266
1.269
1.27
1.273
1.274
1.275
1.276
1.277
1.278
1.279
1.282
1.283
1.284
1.285
1.286
1.287
1.288
1.295
1.296
1.297
1.298
1.3
1.3041
1.3084
1.3106
1.3141
1.3257
1.336
1.3375
1.339
1.3412
1.3434
1.3494
1.3509
1.3533
1.3569
1.3676
1.3691
1.3707
1.3732
1.3768
1.3924
1.3964
1.4003
1.4019
1.4035
1.4067
1.4131
1.4147
1.4276
1.4293
1.4326
1.4358
1.4391
1.4408
1.4425
1.4458
1.4525
1.4575
1.4642
1.4693
1.4745
1.4779
1.4831
1.4865
1.5005
1.504
1.5129
1.5147
1.5236
1.5272
1.5309
1.54
1.5436
1.5659
1.5706
1.5748
1.5791
1.581
1.5829
1.5906
1.5944
1.6021
1.6041
1.606
1.6119
1.6217
1.6257
1.6277
1.6297
1.6397
1.6417
1.6579
1.662
1.664
1.6661
1.6848
1.6869
1.6932
1.6953
1.7016
1.7059
1.7166
1.7188
1.734
1.7361
1.7398
1.7494
1.7516
1.7538
1.7583
1.7627
1.7672
1.7695
1.7785
1.7808
1.7853
1.7899
1.7945
1.7968
1.8048
1.8084
1.8201
1.8224
1.8438
1.851
1.8559
1.8583
1.8607
1.8754
1.8803
1.8852
1.8902
1.8952
1.8977
1.9002
1.9027
1.9052
1.9103
1.9255
1.9384
1.941
1.9487
1.954
1.9566
1.9804
1.9857
1.9884
1.9911
1.9965
2.0073
2.0101
2.0183
2.021
2.0238
2.0265
2.0348
2.0714
2.0743
2.0772
2.0829
2.0858
2.0916
2.1032
2.1091
2.1149
2.1226
2.1297
2.1357
2.1387
2.15
2.37
2.46
2.7059
2.8
2.95
3.07
3.1
3.2
3.3
3.4
3.5
3.6
3.75
4
4.1
4.2
4.6
4.7
5
5.2
5.6
5.8
6
6.5
7
7.5
8
8.5
9
10
10.5
11
12
13
14
14.5
15
16
17
18
19
20
21
22
23
24
25
26
27
28
29
30
